n  		:  10
gamma 	:  0.00000000
c_const :  0.00001
delta   :  0.001
file_X  :  ../data/uniform.npy